1
0
0
''

QPSK
64
0.05
3
1
0
16
[]
[-26:-22 -20:-8 -6:-1 1:6 8:20 22:29]
[-21 -7 7 21]
0.1*[10 10 10 -10]
1
96
[0,0,0,0,0,0,0,1.4142,0,-1.4142,0,-1.4142,0,1.4142,0,-1.4142,0,1.4142,0,1.4142,0,-1.4142,0,-1.4142,0,-1.4142,0,1.4142,0,-1.4142,0,-1.4142,0,-1.4142,0,1.4142,0,-1.4142,0,-1.4142,0,1.4142,0,1.4142,0,1.4142,0,1.4142,0,-1.4142,0,-1.4142,0,1.4142,0,1.4142,0,-1.4142,0,-1.4142,0,-1.4142,0,0]
[0,0,0,0,0,0,1,1,1,1,1,-1,-1,-1,1,-1,1,-1,1,-1,-1,-1,-1,1,-1,-1,1,-1,1,1,1,1,0,-1,1,-1,-1,-1,1,-1,1,-1,-1,-1,1,1,1,1,1,-1,-1,1,1,1,1,-1,-1,1,-1,-1,-1,-1,0,0]
1
0
10
1
0
0
400
1600
4
1
7000
0
192.168.10.2
400
7000
1
40 MHz
0
