1
0
0
''

QPSK
128
0.05
1
1
0
32
[]
[-52:-26 -24:-12 -10:-2 2:10 12:24 26:52]
[-53 -25 -11 11 25 53]
[1 -1 1 -1 1 -1]
1
96
[0,-1.4142,0,1.4142,0,1.4142,0,-1.4142,0,1.4142,0,-1.4142,0,-1.4142,0,1.4142,0,-1.4142,0,1.4142,0,-1.4142,0,-1.4142,0,-1.4142,0,1.4142,0,-1.4142,0,-1.4142,0,1.4142,0,-1.4142,0,1.4142,0,-1.4142,0,1.4142,0,1.4142,0,-1.4142,0,1.4142,0,-1.4142,0,-1.4142,0,0,0,-1.4142,0,1.4142,0,-1.4142,0,-1.4142,0,-1.4142,0,1.4142,0,1.4142,0,1.4142,0,-1.4142,0,-1.4142,0,1.4142,0,-1.4142,0,1.4142,0,1.4142,0,1.4142,0,-1.4142,0,1.4142,0,-1.4142,0,-1.4142,0,1.4142,0,-1.4142,0,1.4142,0,-1.4142,0,1.4142,0,-1.4142,0,1.4142,0,1.4142,0,-1.4142,0,1.4142,0,1.4142,0,1.4142,0,-1.4142,0,-1.4142,0,1.4142,0,1.4142,0,-1.4142,0,1.4142]
[1,-1,-1,-1,-1,1,1,1,1,1,1,1,-1,-1,-1,-1,1,1,1,1,1,1,1,1,-1,1,1,-1,1,1,-1,-1,-1,-1,-1,1,1,1,-1,-1,1,-1,-1,-1,1,-1,-1,1,1,1,-1,-1,1,1,1,-1,-1,-1,1,1,1,-1,-1,-1,0,1,1,1,1,-1,-1,1,1,1,-1,-1,-1,-1,1,-1,-1,1,-1,-1,1,1,1,-1,1,1,1,-1,1,-1,-1,1,-1,1,1,1,1,1,1,-1,-1,-1,1,1,1,1,1,-1,1,1,-1,-1,-1,1,1,1,1,-1,-1,1,-1,-1,-1,-1]
1
0
90
1
0
0
250
256
250
4
1
1000
0
192.168.10.2
1
4 MHz
0
