0
1
0
'UREL 2016, ... spme coding... This is simple message to show capabilities of OFDM transmitting.'

QPSK
64
0.05
1
1
0
16
[]
[-26:-22 -20:-8 -6:-1 1:6 8:20 22:26]
[-21 -7 7 21]
[1 1 1 -1]
1
96
[0., 0., 0., 0., 0., 0., 0., 1.41421356, 0., -1.41421356, 0., 1.41421356, 0., -1.41421356, 0., -1.41421356, 0., -1.41421356, 0., 1.41421356, 0., -1.41421356, 0., 1.41421356, 0., -1.41421356, 0., -1.41421356, 0., -1.41421356, 0., -1.41421356, 0., 1.41421356, 0., -1.41421356, 0., 1.41421356, 0., 1.41421356, 0., 1.41421356, 0., -1.41421356, 0., 1.41421356, 0., 1.41421356, 0., 1.41421356, 0., -1.41421356, 0., 1.41421356, 0., 1.41421356, 0., 1.41421356, 0., 0., 0., 0., 0., 0.]
[0, 0, 0, 0, 0, 0, -1, -1, -1, -1, 1, 1, -1, -1, -1, 1, -1, 1, 1, 1, 1, 1, -1, -1, -1, -1, -1, 1, -1, -1, 1, -1, 0, 1, -1, 1, 1, 1, -1, 1, 1, 1, -1, 1, 1, 1, 1, -1, 1, -1, -1, -1, 1, -1, 1, -1, -1, -1, -1, 0, 0, 0, 0, 0]
1
0
90
0
1
0
400
400
4
100
2450000
20
192.168.10.2
400
1
400 MHz
1000
0
