1
0
0
''

QPSK
768
0.05
1
1
0
16
[]
[-313:-300 -277:-231 -212:-200 -195:-134 -132:-80 -26:-22 -20:-8 -6:-1 1:6 8:20 22:26 80:132 134:195 200:212 231:277 300:313]
[-21 -7 7 21]
[1 1 1 -1]
1
96
[0,0,0,0,0,0,0,0,0,0,0,0,0,0,0,0,0,0,0,0,0,0,0,0,0,0,0,0,0,0,0,0,0,0,0,0,0,0,0,0,0,0,0,0,0,0,0,0,0,0,0,0,0,0,0,0,0,0,0,0,0,0,0,0,0,0,0,0,0,0,0,1.4142,0,1.4142,0,1.4142,0,-1.4142,0,-1.4142,0,-1.4142,0,1.4142,0,0,0,0,0,0,0,0,0,0,0,0,0,0,0,0,0,0,0,0,0,0,0,-1.4142,0,1.4142,0,1.4142,0,1.4142,0,-1.4142,0,-1.4142,0,-1.4142,0,1.4142,0,-1.4142,0,1.4142,0,1.4142,0,1.4142,0,-1.4142,0,-1.4142,0,-1.4142,0,1.4142,0,-1.4142,0,1.4142,0,-1.4142,0,-1.4142,0,-1.4142,0,-1.4142,0,1.4142,0,1.4142,0,0,0,0,0,0,0,0,0,0,0,0,0,0,0,0,0,0,0,1.4142,0,-1.4142,0,1.4142,0,1.4142,0,-1.4142,0,1.4142,0,0,0,0,0,-1.4142,0,-1.4142,0,-1.4142,0,-1.4142,0,-1.4142,0,-1.4142,0,-1.4142,0,-1.4142,0,1.4142,0,1.4142,0,-1.4142,0,-1.4142,0,-1.4142,0,1.4142,0,-1.4142,0,-1.4142,0,1.4142,0,-1.4142,0,-1.4142,0,-1.4142,0,-1.4142,0,-1.4142,0,1.4142,0,1.4142,0,1.4142,0,-1.4142,0,-1.4142,0,-1.4142,0,1.4142,0,-1.4142,0,-1.4142,0,0,0,-1.4142,0,1.4142,0,1.4142,0,1.4142,0,-1.4142,0,1.4142,0,-1.4142,0,1.4142,0,-1.4142,0,1.4142,0,-1.4142,0,-1.4142,0,1.4142,0,1.4142,0,-1.4142,0,1.4142,0,1.4142,0,-1.4142,0,-1.4142,0,-1.4142,0,-1.4142,0,1.4142,0,1.4142,0,1.4142,0,1.4142,0,1.4142,0,0,0,0,0,0,0,0,0,0,0,0,0,0,0,0,0,0,0,0,0,0,0,0,0,0,0,0,0,0,0,0,0,0,0,0,0,0,0,0,0,0,0,0,0,0,0,0,0,0,0,0,0,0,0,-1.4142,0,1.4142,0,1.4142,0,-1.4142,0,1.4142,0,1.4142,0,1.4142,0,1.4142,0,1.4142,0,-1.4142,0,-1.4142,0,-1.4142,0,-1.4142,0,1.4142,0,1.4142,0,-1.4142,0,1.4142,0,1.4142,0,-1.4142,0,-1.4142,0,1.4142,0,1.4142,0,1.4142,0,-1.4142,0,1.4142,0,1.4142,0,0,0,0,0,0,0,0,0,0,0,0,0,0,0,0,0,0,0,0,0,0,0,0,0,0,0,0,0,0,0,0,0,0,0,0,0,0,0,0,0,0,0,0,0,0,0,0,0,0,0,0,0,0,0,-1.4142,0,1.4142,0,-1.4142,0,-1.4142,0,1.4142,0,1.4142,0,1.4142,0,1.4142,0,-1.4142,0,1.4142,0,1.4142,0,1.4142,0,1.4142,0,1.4142,0,-1.4142,0,1.4142,0,-1.4142,0,1.4142,0,-1.4142,0,-1.4142,0,-1.4142,0,-1.4142,0,1.4142,0,1.4142,0,-1.4142,0,1.4142,0,0,0,-1.4142,0,-1.4142,0,-1.4142,0,1.4142,0,1.4142,0,-1.4142,0,-1.4142,0,-1.4142,0,1.4142,0,1.4142,0,1.4142,0,-1.4142,0,1.4142,0,1.4142,0,-1.4142,0,-1.4142,0,-1.4142,0,1.4142,0,-1.4142,0,1.4142,0,-1.4142,0,1.4142,0,-1.4142,0,1.4142,0,1.4142,0,1.4142,0,1.4142,0,1.4142,0,-1.4142,0,-1.4142,0,-1.4142,0,0,0,0,0,1.4142,0,-1.4142,0,1.4142,0,-1.4142,0,1.4142,0,-1.4142,0,0,0,0,0,0,0,0,0,0,0,0,0,0,0,0,0,0,0,-1.4142,0,-1.4142,0,1.4142,0,-1.4142,0,-1.4142,0,1.4142,0,1.4142,0,1.4142,0,1.4142,0,-1.4142,0,1.4142,0,1.4142,0,-1.4142,0,1.4142,0,-1.4142,0,-1.4142,0,1.4142,0,1.4142,0,1.4142,0,-1.4142,0,1.4142,0,-1.4142,0,-1.4142,0,-1.4142,0,0,0,0,0,0,0,0,0,0,0,0,0,0,0,0,0,0,0,0,0,0,0,-1.4142,0,1.4142,0,-1.4142,0,1.4142,0,-1.4142,0,1.4142,0,-1.4142,0,0,0,0,0,0,0,0,0,0,0,0,0,0,0,0,0,0,0,0,0,0,0,0,0,0,0,0,0,0,0,0,0,0,0,0,0,0,0,0,0,0,0,0,0,0,0,0,0,0,0,0,0,0,0,0,0,0,0,0,0,0,0,0,0,0,0,0,0,0]
[0,0,0,0,0,0,0,0,0,0,0,0,0,0,0,0,0,0,0,0,0,0,0,0,0,0,0,0,0,0,0,0,0,0,0,0,0,0,0,0,0,0,0,0,0,0,0,0,0,0,0,0,0,0,0,0,0,0,0,0,0,0,0,0,0,0,0,0,0,0,0,1,1,1,1,1,-1,1,-1,1,1,-1,-1,-1,1,0,0,0,0,0,0,0,0,0,0,0,0,0,0,0,0,0,0,0,0,0,0,1,-1,1,1,-1,1,-1,1,-1,-1,-1,-1,1,-1,1,-1,-1,-1,1,-1,-1,-1,1,-1,1,-1,1,-1,1,-1,-1,-1,1,1,1,-1,1,1,1,1,1,-1,1,-1,-1,1,-1,0,0,0,0,0,0,0,0,0,0,0,0,0,0,0,0,0,0,-1,1,1,-1,1,-1,1,1,-1,1,1,1,1,0,0,0,0,-1,-1,-1,1,1,-1,1,1,1,1,1,1,1,-1,-1,-1,-1,-1,-1,-1,1,1,1,1,1,-1,-1,1,-1,1,1,1,-1,-1,1,1,1,-1,-1,1,-1,-1,1,-1,-1,1,-1,1,-1,1,1,-1,-1,-1,-1,-1,-1,1,-1,1,-1,1,0,-1,1,1,-1,-1,1,1,-1,1,-1,1,1,-1,1,1,1,1,1,-1,-1,-1,1,1,1,-1,1,-1,-1,-1,1,-1,-1,-1,-1,-1,1,1,1,1,1,1,1,1,-1,1,1,1,1,-1,1,-1,-1,1,0,0,0,0,0,0,0,0,0,0,0,0,0,0,0,0,0,0,0,0,0,0,0,0,0,0,0,0,0,0,0,0,0,0,0,0,0,0,0,0,0,0,0,0,0,0,0,0,0,0,0,0,0,1,1,1,1,-1,1,-1,1,1,1,1,1,1,1,1,1,-1,-1,1,-1,1,-1,1,1,-1,1,0,1,-1,-1,-1,-1,-1,-1,1,-1,-1,1,1,-1,-1,-1,-1,1,-1,1,1,-1,-1,-1,-1,-1,1,0,0,0,0,0,0,0,0,0,0,0,0,0,0,0,0,0,0,0,0,0,0,0,0,0,0,0,0,0,0,0,0,0,0,0,0,0,0,0,0,0,0,0,0,0,0,0,0,0,0,0,0,0,-1,-1,1,-1,1,1,-1,1,-1,-1,1,1,1,-1,-1,1,1,-1,-1,1,-1,1,1,1,-1,-1,-1,1,-1,1,-1,1,-1,1,1,1,1,-1,1,-1,-1,1,1,-1,1,1,1,1,1,1,-1,-1,1,0,-1,-1,-1,1,1,1,-1,-1,1,-1,-1,1,-1,1,1,1,-1,1,1,1,1,1,-1,-1,1,-1,-1,-1,-1,1,1,-1,-1,1,-1,1,1,-1,-1,-1,1,-1,-1,-1,-1,-1,-1,1,1,-1,1,-1,-1,1,1,-1,1,-1,1,1,1,1,0,0,0,0,1,-1,-1,1,-1,-1,1,1,1,-1,-1,-1,1,0,0,0,0,0,0,0,0,0,0,0,0,0,0,0,0,0,0,-1,1,1,-1,-1,-1,-1,-1,1,-1,-1,1,-1,-1,1,-1,1,1,1,-1,1,-1,1,1,1,-1,1,-1,-1,-1,-1,-1,-1,-1,1,-1,1,1,1,-1,-1,-1,1,1,-1,1,1,0,0,0,0,0,0,0,0,0,0,0,0,0,0,0,0,0,0,0,0,0,0,1,1,-1,-1,1,1,-1,-1,-1,-1,-1,-1,1,-1,0,0,0,0,0,0,0,0,0,0,0,0,0,0,0,0,0,0,0,0,0,0,0,0,0,0,0,0,0,0,0,0,0,0,0,0,0,0,0,0,0,0,0,0,0,0,0,0,0,0,0,0,0,0,0,0,0,0,0,0,0,0,0,0,0,0,0,0,0,0]
1
0
90
0
0
1
400
400
4
1
1000
0
192.168.10.2
1
7000
1
40 MHz
0
