0
0
1
[]
C:\Users\Miska\Lubo_Diplomka\_Matlab_ostra_verzia\GnuradioTarget\block_tests_files\ofdm_sig_in.txt
QPSK
128
1
1
1
0
32
[]
[-24:-12 -10:-2 2:10 12:24]
[-53, -25, -11, 11, 25, 53]
[1,1,1,1,1,-1]
1
220
[0,-1.4142,0,1.4142,0,1.4142,0,-1.4142,0,1.4142,0,-1.4142,0,-1.4142,0,1.4142,0,-1.4142,0,1.4142,0,-1.4142,0,-1.4142,0,-1.4142,0,1.4142,0,-1.4142,0,-1.4142,0,1.4142,0,-1.4142,0,1.4142,0,-1.4142,0,1.4142,0,1.4142,0,-1.4142,0,1.4142,0,-1.4142,0,-1.4142,0,0,0,-1.4142,0,1.4142,0,-1.4142,0,-1.4142,0,-1.4142,0,1.4142,0,1.4142,0,1.4142,0,-1.4142,0,-1.4142,0,1.4142,0,-1.4142,0,1.4142,0,1.4142,0,1.4142,0,-1.4142,0,1.4142,0,-1.4142,0,-1.4142,0,1.4142,0,-1.4142,0,1.4142,0,-1.4142,0,1.4142,0,-1.4142,0,1.4142,0,1.4142,0,-1.4142,0,1.4142,0,1.4142,0,1.4142,0,-1.4142,0,-1.4142,0,1.4142,0,1.4142,0,-1.4142,0,1.4142]
[1,-1,-1,-1,-1,1,1,1,1,1,1,1,-1,-1,-1,-1,1,1,1,1,1,1,1,1,-1,1,1,-1,1,1,-1,-1,-1,-1,-1,1,1,1,-1,-1,1,-1,-1,-1,1,-1,-1,1,1,1,-1,-1,1,1,1,-1,-1,-1,1,1,1,-1,-1,-1,0,1,1,1,1,-1,-1,1,1,1,-1,-1,-1,-1,1,-1,-1,1,-1,-1,1,1,1,-1,1,1,1,-1,1,-1,-1,1,-1,1,1,1,1,1,1,-1,-1,-1,1,1,1,1,1,-1,1,1,-1,-1,-1,1,1,1,1,-1,-1,1,-1,-1,-1,-1]
1
0
0
0
90
1
1
0
0
400
256
400
4
1
1000
0
192.168.10.2
1
4 MHz
0
