0
0
1
[]
C:\Users\Miska\Lubo_Diplomka\_Matlab_ostra_verzia\GnuradioTarget\block_tests_files\ofdm_sig_in.txt
QPSK
256
1
1
1
0
64
[]
[-102:-76 -74:-40 -38:-12 -10:-1 1:10 12:38 40:74 76:102]
[-103 -75 -39 -11 11 39 75 103]
[1,1,1,1,1,1,1,-1]
1
420
[0,0,0,0,0,0,0,0,0,0,0,0,0,0,0,0,0,0,0,0,0,0,0,0,0,1.4142,0,1.4142,0,-1.4142,0,-1.4142,0,1.4142,0,-1.4142,0,1.4142,0,1.4142,0,1.4142,0,-1.4142,0,-1.4142,0,-1.4142,0,1.4142,0,-1.4142,0,1.4142,0,-1.4142,0,1.4142,0,-1.4142,0,1.4142,0,1.4142,0,1.4142,0,1.4142,0,-1.4142,0,1.4142,0,-1.4142,0,-1.4142,0,1.4142,0,1.4142,0,-1.4142,0,1.4142,0,1.4142,0,1.4142,0,1.4142,0,0,0,1.4142,0,1.4142,0,-1.4142,0,-1.4142,0,1.4142,0,-1.4142,0,-1.4142,0,-1.4142,0,1.4142,0,1.4142,0,1.4142,0,-1.4142,0,-1.4142,0,1.4142,0,-1.4142,0,-1.4142,0,1.4142,0,-1.4142,0,-1.4142,0,1.4142,0,1.4142,0,1.4142,0,1.4142,0,1.4142,0,-1.4142,0,-1.4142,0,-1.4142,0,-1.4142,0,1.4142,0,-1.4142,0,-1.4142,0,-1.4142,0,-1.4142,0,-1.4142,0,-1.4142,0,1.4142,0,0,0,-1.4142,0,-1.4142,0,1.4142,0,1.4142,0,-1.4142,0,-1.4142,0,-1.4142,0,-1.4142,0,1.4142,0,-1.4142,0,1.4142,0,1.4142,0,-1.4142,0,-1.4142,0,-1.4142,0,-1.4142,0,-1.4142,0,1.4142,0,-1.4142,0,-1.4142,0,1.4142,0,-1.4142,0,1.4142,0,1.4142,0,-1.4142,0,1.4142,0,-1.4142,0,-1.4142,0,1.4142,0,1.4142,0,1.4142,0,-1.4142,0,-1.4142,0,0,0,0,0,0,0,0,0,0,0,0,0,0,0,0,0,0,0,0,0,0,0,0]
[0,0,0,0,0,0,0,0,0,0,0,0,0,0,0,0,0,0,0,0,0,0,0,0,0,-1,0,1,0,-1,0,-1,0,1,0,1,0,1,0,-1,0,-1,0,-1,0,1,0,-1,0,1,0,1,0,-1,0,-1,0,-1,0,-1,0,-1,0,1,0,-1,0,-1,0,1,0,-1,0,-1,0,1,0,-1,0,1,0,1,0,1,0,-1,0,1,0,-1,0,0,0,1,0,1,0,1,0,-1,0,1,0,-1,0,-1,0,-1,0,-1,0,-1,0,-1,0,-1,0,1,0,-1,0,1,0,1,0,1,0,-1,0,1,0,1,0,1,0,-1,0,1,0,1,0,1,0,1,0,1,0,-1,0,-1,0,1,0,-1,0,-1,0,-1,0,-1,0,1,0,1,0,0,0,-1,0,-1,0,1,0,-1,0,1,0,1,0,-1,0,-1,0,-1,0,1,0,-1,0,-1,0,-1,0,-1,0,-1,0,-1,0,1,0,1,0,-1,0,1,0,-1,0,-1,0,1,0,1,0,-1,0,1,0,-1,0,1,0,1,0,1,0,1,0,1,0,-1,0,0,0,0,0,0,0,0,0,0,0,0,0,0,0,0,0,0,0,0,0,0,0,0]
1
0
0
0
90
1
1
0
0
400
256
400
4
1
1000
0
192.168.10.2
1
4 MHz
0
